## htsjdk.samtools.metrics.StringHeader
# CollectInsertSizeMetrics HISTOGRAM_FILE=bam/SRR7657877.insert_size.pdf INPUT=bam/SRR7657877.sorted.bam OUTPUT=bam/SRR7657877.insert_size.txt    DEVIATIONS=10.0 MINIMUM_PCT=0.05 METRIC_ACCUMULATION_LEVEL=[ALL_READS] INCLUDE_DUPLICATES=false ASSUME_SORTED=true STOP_AFTER=0 VERBOSITY=INFO QUIET=false VALIDATION_STRINGENCY=STRICT COMPRESSION_LEVEL=5 MAX_RECORDS_IN_RAM=500000 CREATE_INDEX=false CREATE_MD5_FILE=false GA4GH_CLIENT_SECRETS=client_secrets.json USE_JDK_DEFLATER=false USE_JDK_INFLATER=false
## htsjdk.samtools.metrics.StringHeader
# Started on: Wed Feb 10 09:18:58 GMT 2021

## METRICS CLASS	picard.analysis.InsertSizeMetrics
MEDIAN_INSERT_SIZE	MODE_INSERT_SIZE	MEDIAN_ABSOLUTE_DEVIATION	MIN_INSERT_SIZE	MAX_INSERT_SIZE	MEAN_INSERT_SIZE	STANDARD_DEVIATION	READ_PAIRS	PAIR_ORIENTATION	WIDTH_OF_10_PERCENT	WIDTH_OF_20_PERCENT	WIDTH_OF_30_PERCENT	WIDTH_OF_40_PERCENT	WIDTH_OF_50_PERCENT	WIDTH_OF_60_PERCENT	WIDTH_OF_70_PERCENT	WIDTH_OF_80_PERCENT	WIDTH_OF_90_PERCENT	WIDTH_OF_95_PERCENT	WIDTH_OF_99_PERCENT	SAMPLE	LIBRARY	READ_GROUP
263	247	40	142	148908400	264.197067	64.62829	33705631	FR	15	31	47	63	81	101	129	171	467	3105	19389			

## HISTOGRAM	java.lang.Integer
insert_size	All_Reads.fr_count
142	4
143	2
144	9
145	14
146	29
147	47
148	97
149	328
150	24711
151	39323
152	40542
153	40932
154	41395
155	42613
156	43452
157	44525
158	45045
159	46280
160	41494
161	42546
162	43435
163	45238
164	46754
165	48329
166	50184
167	51177
168	53152
169	54148
170	56776
171	58410
172	60726
173	62326
174	64529
175	65790
176	68769
177	70450
178	73860
179	75760
180	77511
181	79878
182	81839
183	84979
184	88050
185	90401
186	92363
187	95452
188	98029
189	100498
190	104586
191	106374
192	109234
193	112274
194	115421
195	118447
196	122592
197	123887
198	127849
199	131268
200	134197
201	138042
202	141366
203	143949
204	146666
205	150698
206	154621
207	157471
208	161446
209	164574
210	168720
211	170837
212	174116
213	176842
214	180178
215	183893
216	184446
217	191594
218	194094
219	194534
220	199141
221	202433
222	205328
223	209401
224	210924
225	212346
226	214947
227	218702
228	218744
229	223245
230	224309
231	225297
232	228882
233	227933
234	231613
235	232070
236	232509
237	233008
238	236496
239	236172
240	239399
241	239396
242	241827
243	239184
244	241448
245	239293
246	240717
247	241890
248	240989
249	240541
250	241163
251	241658
252	241050
253	240843
254	240939
255	238782
256	237702
257	236130
258	236107
259	235655
260	233820
261	232455
262	232277
263	233069
264	229727
265	227822
266	226148
267	223504
268	222992
269	222702
270	220196
271	218170
272	216111
273	213959
274	212382
275	210582
276	206729
277	204665
278	201879
279	200641
280	199112
281	196302
282	193521
283	191704
284	188222
285	186818
286	185396
287	181657
288	179243
289	177201
290	174485
291	172281
292	170272
293	167450
294	164478
295	161610
296	158748
297	155737
298	154058
299	150374
300	146342
301	144467
302	142329
303	139270
304	136862
305	133161
306	130701
307	128058
308	125447
309	122884
310	120010
311	116751
312	113868
313	111453
314	109403
315	107303
316	104985
317	102290
318	99952
319	98085
320	95301
321	93292
322	90900
323	88257
324	86772
325	84483
326	82554
327	79950
328	78610
329	76106
330	74164
331	73060
332	71477
333	69298
334	67412
335	65891
336	64091
337	63110
338	61574
339	58994
340	58418
341	56843
342	54822
343	53749
344	52346
345	50262
346	49244
347	48232
348	47550
349	45986
350	44842
351	43258
352	42116
353	41409
354	40343
355	38713
356	37957
357	37036
358	36331
359	35793
360	34502
361	33483
362	32457
363	31393
364	30987
365	30123
366	29091
367	28494
368	27817
369	26945
370	26546
371	25737
372	25108
373	24229
374	23523
375	22831
376	22592
377	22045
378	21463
379	20927
380	20389
381	19925
382	19503
383	18658
384	18136
385	18194
386	17556
387	16985
388	16808
389	16466
390	16037
391	15562
392	15077
393	14887
394	14594
395	14174
396	14019
397	13492
398	13237
399	13082
400	11805
401	11683
402	11560
403	11298
404	11051
405	10497
406	10337
407	10200
408	10022
409	9561
410	9581
411	9150
412	9281
413	8889
414	8742
415	8681
416	8271
417	8388
418	8171
419	7957
420	7687
421	7727
422	7597
423	7457
424	7221
425	7088
426	6824
427	6885
428	6797
429	6529
430	6503
431	6430
432	6429
433	6097
434	6254
435	5976
436	5775
437	5956
438	5917
439	5697
440	5693
441	5400
442	5273
443	5363
444	5275
445	5254
446	5038
447	5102
448	4813
449	4997
450	4746
451	4840
452	4767
453	4760
454	4568
455	4678
456	4588
457	4436
458	4543
459	4339
460	4393
461	4310
462	4137
463	4060
464	4154
465	3904
466	4064
467	4055
468	3971
469	3829
470	3954
471	4123
472	3896
473	3741
474	3681
475	3769
476	3696
477	3634
478	3694
479	3540
480	3592
481	3663
482	3514
483	3478
484	3542
485	3475
486	3477
487	3444
488	3257
489	3292
490	3395
491	3355
492	3280
493	3293
494	3138
495	3258
496	3205
497	3281
498	3203
499	3082
500	3029
501	3108
502	3070
503	3004
504	2971
505	2924
506	2966
507	2913
508	2969
509	2864
510	2968
511	2892
512	2667
513	2771
514	2792
515	2683
516	2672
517	2774
518	2771
519	2677
520	2638
521	2643
522	2693
523	2758
524	2662
525	2729
526	2600
527	2663
528	2567
529	2644
530	2598
531	2647
532	2612
533	2630
534	2476
535	2556
536	2500
537	2285
538	2487
539	2553
540	2459
541	2347
542	2385
543	2330
544	2343
545	2376
546	2333
547	2370
548	2404
549	2392
550	2348
551	2386
552	2384
553	2257
554	2202
555	2362
556	2284
557	2237
558	2306
559	2257
560	2122
561	2274
562	2236
563	2184
564	2098
565	2231
566	2258
567	2142
568	2190
569	2173
570	2182
571	2137
572	2176
573	2260
574	2085
575	2178
576	2079
577	2141
578	2197
579	2108
580	2146
581	2137
582	2054
583	2000
584	2089
585	2085
586	2119
587	2094
588	2027
589	2022
590	2079
591	2081
592	2026
593	2001
594	2059
595	2137
596	2127
597	2050
598	2092
599	1989
600	2062
601	2080
602	2089
603	2021
604	2066
605	2026
606	2023
607	1911
608	2014
609	2131
610	2093
611	2015
612	2073
613	2043
614	2031
615	2078
616	2050
617	2108
618	1959
619	2081
620	1920
621	1968
622	1990
623	1932
624	2028
625	2049
626	1955
627	2059
628	2020
629	2030
630	1982
631	1929
632	2024
633	1940
634	1985
635	2067
636	1979
637	1973
638	2075
639	2033
640	2004
641	1947
642	1964
643	2034
644	1897
645	1976
646	1950
647	2049
648	1929
649	2007
650	1988
651	1938
652	2028
653	1907
654	2029
655	1931
656	1925
657	1963
658	1851
659	1958
660	1907
661	1928
662	1866
663	1916

