## htsjdk.samtools.metrics.StringHeader
# MarkDuplicates INPUT=[bam/SRR7657881.sorted.bam] OUTPUT=bam/SRR7657881.mkdup.bam METRICS_FILE=bam/SRR7657881.mkdup_metrics.txt CREATE_INDEX=true    MAX_SEQUENCES_FOR_DISK_READ_ENDS_MAP=50000 MAX_FILE_HANDLES_FOR_READ_ENDS_MAP=8000 SORTING_COLLECTION_SIZE_RATIO=0.25 TAG_DUPLICATE_SET_MEMBERS=false REMOVE_SEQUENCING_DUPLICATES=false TAGGING_POLICY=DontTag CLEAR_DT=true DUPLEX_UMI=false ADD_PG_TAG_TO_READS=true REMOVE_DUPLICATES=false ASSUME_SORTED=false DUPLICATE_SCORING_STRATEGY=SUM_OF_BASE_QUALITIES PROGRAM_RECORD_ID=MarkDuplicates PROGRAM_GROUP_NAME=MarkDuplicates READ_NAME_REGEX=<optimized capture of last three ':' separated fields as numeric values> OPTICAL_DUPLICATE_PIXEL_DISTANCE=100 MAX_OPTICAL_DUPLICATE_SET_SIZE=300000 VERBOSITY=INFO QUIET=false VALIDATION_STRINGENCY=STRICT COMPRESSION_LEVEL=5 MAX_RECORDS_IN_RAM=500000 CREATE_MD5_FILE=false GA4GH_CLIENT_SECRETS=client_secrets.json USE_JDK_DEFLATER=false USE_JDK_INFLATER=false
## htsjdk.samtools.metrics.StringHeader
# Started on: Tue Feb 09 14:58:53 GMT 2021

## METRICS CLASS	picard.sam.DuplicationMetrics
LIBRARY	UNPAIRED_READS_EXAMINED	READ_PAIRS_EXAMINED	SECONDARY_OR_SUPPLEMENTARY_RDS	UNMAPPED_READS	UNPAIRED_READ_DUPLICATES	READ_PAIR_DUPLICATES	READ_PAIR_OPTICAL_DUPLICATES	PERCENT_DUPLICATION	ESTIMATED_LIBRARY_SIZE
Unknown Library	2472336	30253344	4265379	4095454	1713549	6766365	0	0.242085	57120198

## HISTOGRAM	java.lang.Double
BIN	CoverageMult	all_sets	non_optical_sets
1.0	1	19359912	19359912
2.0	1.588815	3163101	3163101
3.0	1.935518	589427	589427
4.0	2.139662	161789	161789
5.0	2.259864	68317	68317
6.0	2.330642	37457	37457
7.0	2.372316	23392	23392
8.0	2.396855	15973	15973
9.0	2.411304	11476	11476
10.0	2.419811	8654	8654
11.0	2.424821	6737	6737
12.0	2.42777	5213	5213
13.0	2.429507	4298	4298
14.0	2.43053	3519	3519
15.0	2.431132	2952	2952
16.0	2.431487	2505	2505
17.0	2.431695	2089	2089
18.0	2.431818	1753	1753
19.0	2.431891	1512	1512
20.0	2.431933	1428	1428
21.0	2.431958	1159	1159
22.0	2.431973	1105	1105
23.0	2.431982	927	927
24.0	2.431987	817	817
25.0	2.43199	752	752
26.0	2.431992	717	717
27.0	2.431993	666	666
28.0	2.431993	566	566
29.0	2.431994	500	500
30.0	2.431994	501	501
31.0	2.431994	413	413
32.0	2.431994	374	374
33.0	2.431994	366	366
34.0	2.431994	345	345
35.0	2.431994	295	295
36.0	2.431994	299	299
37.0	2.431994	253	253
38.0	2.431994	259	259
39.0	2.431994	256	256
40.0	2.431994	226	226
41.0	2.431994	195	195
42.0	2.431994	195	195
43.0	2.431994	214	214
44.0	2.431994	176	176
45.0	2.431994	163	163
46.0	2.431994	136	136
47.0	2.431994	127	127
48.0	2.431994	148	148
49.0	2.431994	130	130
50.0	2.431994	116	116
51.0	2.431994	97	97
52.0	2.431994	109	109
53.0	2.431994	110	110
54.0	2.431994	117	117
55.0	2.431994	98	98
56.0	2.431994	99	99
57.0	2.431994	72	72
58.0	2.431994	85	85
59.0	2.431994	67	67
60.0	2.431994	66	66
61.0	2.431994	76	76
62.0	2.431994	67	67
63.0	2.431994	63	63
64.0	2.431994	67	67
65.0	2.431994	68	68
66.0	2.431994	51	51
67.0	2.431994	45	45
68.0	2.431994	52	52
69.0	2.431994	34	34
70.0	2.431994	41	41
71.0	2.431994	46	46
72.0	2.431994	54	54
73.0	2.431994	33	33
74.0	2.431994	43	43
75.0	2.431994	31	31
76.0	2.431994	44	44
77.0	2.431994	32	32
78.0	2.431994	22	22
79.0	2.431994	31	31
80.0	2.431994	27	27
81.0	2.431994	26	26
82.0	2.431994	25	25
83.0	2.431994	17	17
84.0	2.431994	36	36
85.0	2.431994	29	29
86.0	2.431994	25	25
87.0	2.431994	23	23
88.0	2.431994	22	22
89.0	2.431994	23	23
90.0	2.431994	19	19
91.0	2.431994	26	26
92.0	2.431994	28	28
93.0	2.431994	17	17
94.0	2.431994	20	20
95.0	2.431994	20	20
96.0	2.431994	17	17
97.0	2.431994	9	9
98.0	2.431994	22	22
99.0	2.431994	19	19
100.0	2.431994	30	30
101.0	0	13	13
102.0	0	15	15
103.0	0	14	14
104.0	0	19	19
105.0	0	12	12
106.0	0	19	19
107.0	0	13	13
108.0	0	15	15
109.0	0	12	12
110.0	0	10	10
111.0	0	11	11
112.0	0	16	16
113.0	0	14	14
114.0	0	7	7
115.0	0	10	10
116.0	0	13	13
117.0	0	8	8
118.0	0	10	10
119.0	0	10	10
120.0	0	10	10
121.0	0	7	7
122.0	0	8	8
123.0	0	6	6
124.0	0	15	15
125.0	0	11	11
126.0	0	10	10
127.0	0	3	3
128.0	0	6	6
129.0	0	5	5
130.0	0	11	11
131.0	0	13	13
132.0	0	9	9
133.0	0	5	5
134.0	0	11	11
135.0	0	5	5
136.0	0	8	8
137.0	0	6	6
138.0	0	3	3
139.0	0	3	3
140.0	0	9	9
141.0	0	6	6
142.0	0	10	10
143.0	0	3	3
144.0	0	5	5
145.0	0	4	4
146.0	0	6	6
147.0	0	7	7
148.0	0	4	4
149.0	0	9	9
150.0	0	6	6
151.0	0	5	5
152.0	0	1	1
153.0	0	6	6
154.0	0	4	4
155.0	0	4	4
156.0	0	6	6
157.0	0	4	4
158.0	0	4	4
159.0	0	3	3
160.0	0	4	4
161.0	0	6	6
162.0	0	7	7
163.0	0	5	5
164.0	0	4	4
165.0	0	4	4
166.0	0	1	1
167.0	0	5	5
168.0	0	3	3
169.0	0	2	2
170.0	0	4	4
172.0	0	3	3
173.0	0	5	5
174.0	0	2	2
175.0	0	3	3
176.0	0	3	3
177.0	0	7	7
178.0	0	2	2
179.0	0	6	6
180.0	0	3	3
181.0	0	3	3
182.0	0	3	3
183.0	0	4	4
184.0	0	1	1
185.0	0	3	3
186.0	0	5	5
187.0	0	2	2
189.0	0	4	4
190.0	0	4	4
191.0	0	2	2
192.0	0	3	3
193.0	0	6	6
194.0	0	8	8
195.0	0	1	1
196.0	0	1	1
197.0	0	2	2
198.0	0	1	1
200.0	0	1	1
201.0	0	2	2
202.0	0	2	2
203.0	0	2	2
204.0	0	2	2
205.0	0	1	1
206.0	0	1	1
207.0	0	2	2
208.0	0	2	2
209.0	0	3	3
210.0	0	1	1
212.0	0	2	2
213.0	0	2	2
214.0	0	1	1
218.0	0	3	3
219.0	0	1	1
220.0	0	2	2
221.0	0	1	1
222.0	0	2	2
223.0	0	2	2
224.0	0	2	2
225.0	0	1	1
226.0	0	2	2
227.0	0	3	3
230.0	0	1	1
233.0	0	2	2
234.0	0	2	2
236.0	0	4	4
238.0	0	4	4
239.0	0	1	1
240.0	0	1	1
242.0	0	1	1
243.0	0	1	1
244.0	0	2	2
245.0	0	2	2
246.0	0	1	1
248.0	0	1	1
249.0	0	1	1
250.0	0	1	1
252.0	0	2	2
253.0	0	1	1
254.0	0	1	1
256.0	0	2	2
257.0	0	1	1
263.0	0	2	2
265.0	0	2	2
267.0	0	2	2
268.0	0	1	1
269.0	0	2	2
270.0	0	1	1
271.0	0	1	1
274.0	0	1	1
275.0	0	1	1
276.0	0	1	1
277.0	0	1	1
278.0	0	2	2
286.0	0	2	2
288.0	0	1	1
289.0	0	1	1
290.0	0	1	1
294.0	0	2	2
305.0	0	2	2
308.0	0	2	2
316.0	0	1	1
319.0	0	3	3
321.0	0	1	1
324.0	0	1	1
326.0	0	2	2
327.0	0	1	1
332.0	0	1	1
336.0	0	1	1
337.0	0	1	1
339.0	0	1	1
341.0	0	1	1
348.0	0	1	1
352.0	0	1	1
354.0	0	1	1
358.0	0	1	1
360.0	0	1	1
362.0	0	1	1
367.0	0	2	2
372.0	0	1	1
388.0	0	2	2
393.0	0	1	1
396.0	0	1	1
423.0	0	1	1
425.0	0	1	1
432.0	0	1	1
445.0	0	1	1
447.0	0	1	1
448.0	0	1	1
470.0	0	1	1
520.0	0	1	1
524.0	0	1	1
543.0	0	1	1
597.0	0	1	1
673.0	0	1	1
687.0	0	1	1
897.0	0	1	1
1051.0	0	1	1

